,0
0,Earnings Preview: Texas Instruments (TXN) Q3 Earnings Expected to Decline
1,Visa (V) Earnings Expected to Grow: What to Know Ahead of Next Week's ReleaseZacks
2,Earnings Preview: Cadence (CADE) Q3 Earnings Expected to DeclineZacks
3,Texas Instruments (TXN) Rises Yet Lags Behind Market: Some Facts Worth Knowing
4,Positive Factors to Invest in Texas Instruments Incorporated (TXN)
5,"With 86% institutional ownership, Texas Instruments Incorporated (NASDAQ:TXN) is a favorite amongst the big guns"
6,Texas Instruments Gets a Downgrade. The Analyst Is Worried About Profit Margins.
7,"Amgen upgraded, Texas Instruments downgraded: Wall Street's top analyst calls"
8,Texas Instruments margins in for a squeeze; Silk Road walloped: 5 big analyst cuts
9,Texas Instruments (TXN) Stock Slides as Market Rises: Facts to Know Before You Trade
10,Texas Instruments (TXN) Rises Yet Lags Behind Market: Some Facts Worth KnowingZacks
11,Earnings Preview: Texas Instruments (TXN) Q3 Earnings Expected to DeclineZacks
12,3 Spectacular Semiconductor Stocks That Will Make Early Investors Rich
13,"At US$157, Is Texas Instruments Incorporated (NASDAQ:TXN) Worth Looking At Closely?"
